{
  "K": [
    [
      [
        2433.135377478947,
        0.0,
        2662.4169710967503
      ],
      [
        0.0,
        2433.135377478947,
        1491.6538071190362
      ],
      [
        0.0,
        0.0,
        1.0
      ]
    ],
    [
      [
        2433.135377478947,
        0.0,
        2662.4169710967503
      ],
      [
        0.0,
        2433.135377478947,
        1491.6538071190362
      ],
      [
        0.0,
        0.0,
        1.0
      ]
    ],
    [
      [
        2433.135377478947,
        0.0,
        2662.4169710967503
      ],
      [
        0.0,
        2433.135377478947,
        1491.6538071190362
      ],
      [
        0.0,
        0.0,
        1.0
      ]
    ],
    [
      [
        2433.135377478947,
        0.0,
        2662.4169710967503
      ],
      [
        0.0,
        2433.135377478947,
        1491.6538071190362
      ],
      [
        0.0,
        0.0,
        1.0
      ]
    ],
    [
      [
        2433.135377478947,
        0.0,
        2662.4169710967503
      ],
      [
        0.0,
        2433.135377478947,
        1491.6538071190362
      ],
      [
        0.0,
        0.0,
        1.0
      ]
    ],
    [
      [
        2433.135377478947,
        0.0,
        2662.4169710967503
      ],
      [
        0.0,
        2433.135377478947,
        1491.6538071190362
      ],
      [
        0.0,
        0.0,
        1.0
      ]
    ],
    [
      [
        2433.135377478947,
        0.0,
        2662.4169710967503
      ],
      [
        0.0,
        2433.135377478947,
        1491.6538071190362
      ],
      [
        0.0,
        0.0,
        1.0
      ]
    ],
    [
      [
        2433.135377478947,
        0.0,
        2662.4169710967503
      ],
      [
        0.0,
        2433.135377478947,
        1491.6538071190362
      ],
      [
        0.0,
        0.0,
        1.0
      ]
    ],
    [
      [
        2433.135377478947,
        0.0,
        2662.4169710967503
      ],
      [
        0.0,
        2433.135377478947,
        1491.6538071190362
      ],
      [
        0.0,
        0.0,
        1.0
      ]
    ],
    [
      [
        2433.135377478947,
        0.0,
        2662.4169710967503
      ],
      [
        0.0,
        2433.135377478947,
        1491.6538071190362
      ],
      [
        0.0,
        0.0,
        1.0
      ]
    ],
    [
      [
        2433.135377478947,
        0.0,
        2662.4169710967503
      ],
      [
        0.0,
        2433.135377478947,
        1491.6538071190362
      ],
      [
        0.0,
        0.0,
        1.0
      ]
    ],
    [
      [
        2433.135377478947,
        0.0,
        2662.4169710967503
      ],
      [
        0.0,
        2433.135377478947,
        1491.6538071190362
      ],
      [
        0.0,
        0.0,
        1.0
      ]
    ],
    [
      [
        2433.135377478947,
        0.0,
        2662.4169710967503
      ],
      [
        0.0,
        2433.135377478947,
        1491.6538071190362
      ],
      [
        0.0,
        0.0,
        1.0
      ]
    ],
    [
      [
        2433.135377478947,
        0.0,
        2662.4169710967503
      ],
      [
        0.0,
        2433.135377478947,
        1491.6538071190362
      ],
      [
        0.0,
        0.0,
        1.0
      ]
    ],
    [
      [
        2433.135377478947,
        0.0,
        2662.4169710967503
      ],
      [
        0.0,
        2433.135377478947,
        1491.6538071190362
      ],
      [
        0.0,
        0.0,
        1.0
      ]
    ]
  ],
  "d": [
    [
      5.749059112145124,
      1.5871520517140836,
      6.449831631297916e-05,
      -7.517260288477665e-05,
      -0.0939135145860265,
      6.063174127381334,
      3.094297748598317,
      0.0
    ],
    [
      5.749059112145124,
      1.5871520517140836,
      6.449831631297916e-05,
      -7.517260288477665e-05,
      -0.0939135145860265,
      6.063174127381334,
      3.094297748598317,
      0.0
    ],
    [
      5.749059112145124,
      1.5871520517140836,
      6.449831631297916e-05,
      -7.517260288477665e-05,
      -0.0939135145860265,
      6.063174127381334,
      3.094297748598317,
      0.0
    ],
    [
      5.749059112145124,
      1.5871520517140836,
      6.449831631297916e-05,
      -7.517260288477665e-05,
      -0.0939135145860265,
      6.063174127381334,
      3.094297748598317,
      0.0
    ],
    [
      5.749059112145124,
      1.5871520517140836,
      6.449831631297916e-05,
      -7.517260288477665e-05,
      -0.0939135145860265,
      6.063174127381334,
      3.094297748598317,
      0.0
    ],
    [
      5.749059112145124,
      1.5871520517140836,
      6.449831631297916e-05,
      -7.517260288477665e-05,
      -0.0939135145860265,
      6.063174127381334,
      3.094297748598317,
      0.0
    ],
    [
      5.749059112145124,
      1.5871520517140836,
      6.449831631297916e-05,
      -7.517260288477665e-05,
      -0.0939135145860265,
      6.063174127381334,
      3.094297748598317,
      0.0
    ],
    [
      5.749059112145124,
      1.5871520517140836,
      6.449831631297916e-05,
      -7.517260288477665e-05,
      -0.0939135145860265,
      6.063174127381334,
      3.094297748598317,
      0.0
    ],
    [
      5.749059112145124,
      1.5871520517140836,
      6.449831631297916e-05,
      -7.517260288477665e-05,
      -0.0939135145860265,
      6.063174127381334,
      3.094297748598317,
      0.0
    ],
    [
      5.749059112145124,
      1.5871520517140836,
      6.449831631297916e-05,
      -7.517260288477665e-05,
      -0.0939135145860265,
      6.063174127381334,
      3.094297748598317,
      0.0
    ],
    [
      5.749059112145124,
      1.5871520517140836,
      6.449831631297916e-05,
      -7.517260288477665e-05,
      -0.0939135145860265,
      6.063174127381334,
      3.094297748598317,
      0.0
    ],
    [
      5.749059112145124,
      1.5871520517140836,
      6.449831631297916e-05,
      -7.517260288477665e-05,
      -0.0939135145860265,
      6.063174127381334,
      3.094297748598317,
      0.0
    ],
    [
      5.749059112145124,
      1.5871520517140836,
      6.449831631297916e-05,
      -7.517260288477665e-05,
      -0.0939135145860265,
      6.063174127381334,
      3.094297748598317,
      0.0
    ],
    [
      5.749059112145124,
      1.5871520517140836,
      6.449831631297916e-05,
      -7.517260288477665e-05,
      -0.0939135145860265,
      6.063174127381334,
      3.094297748598317,
      0.0
    ],
    [
      5.749059112145124,
      1.5871520517140836,
      6.449831631297916e-05,
      -7.517260288477665e-05,
      -0.0939135145860265,
      6.063174127381334,
      3.094297748598317,
      0.0
    ]
  ],
  "R": [
    [
      [
        -0.9988262422216395,
        0.04600372164979916,
        0.01515900536863218
      ],
      [
        0.0298843268071805,
        0.8315896867156309,
        -0.5545858995317859
      ],
      [
        -0.03811908787838515,
        -0.5534819333479337,
        -0.8319883921045731
      ]
    ],
    [
      [
        -0.999232813225729,
        0.034812712788184014,
        -0.017940457110191294
      ],
      [
        0.025823003784091074,
        0.24125792858428524,
        -0.9701174075186911
      ],
      [
        -0.029444141158505875,
        -0.9698364227659978,
        -0.24197180750635108
      ]
    ],
    [
      [
        -0.813353402869369,
        -0.5806896219667493,
        -0.03543733879584786
      ],
      [
        0.10819252030745195,
        -0.09112916532492583,
        -0.989944369031262
      ],
      [
        0.5716210463150735,
        -0.8090086762002593,
        0.13694649043463772
      ]
    ],
    [
      [
        -0.31698454639312423,
        -0.9483290422170335,
        0.013886145457575784
      ],
      [
        -0.7669200538703049,
        0.24767871166857058,
        -0.5920210188479503
      ],
      [
        0.5579914231594544,
        -0.1983110775370878,
        -0.8058028842133572
      ]
    ],
    [
      [
        -0.3385044424440914,
        -0.9407926438666688,
        -0.01799843582031898
      ],
      [
        -0.2110313116579894,
        0.09454330873033379,
        -0.9728963707786296
      ],
      [
        0.9169953805475375,
        -0.3255315100273461,
        -0.23054003564195202
      ]
    ],
    [
      [
        0.2821213600952891,
        -0.959236993386721,
        -0.016490260652517946
      ],
      [
        0.1305705908440437,
        0.05541933733225451,
        -0.9898888916723385
      ],
      [
        0.9504519235524862,
        0.2771156573852471,
        0.14088311980972332
      ]
    ],
    [
      [
        0.7954038422756309,
        -0.6059751654061543,
        -0.011261731844927163
      ],
      [
        -0.49705588267498213,
        -0.6415788325127243,
        -0.5842191807616414
      ],
      [
        0.34679702592634404,
        0.4702878911715605,
        -0.8115177892234082
      ]
    ],
    [
      [
        0.7885199018418382,
        -0.615003883560326,
        -0.002566633019052658
      ],
      [
        -0.14876439971787825,
        -0.18668378839920105,
        -0.9710913018483384
      ],
      [
        0.5967457731529539,
        0.7661066416332906,
        -0.23869456606601605
      ]
    ],
    [
      [
        0.9992626830375109,
        -0.03278536441295968,
        0.01998024446757434
      ],
      [
        0.025530187394752792,
        0.17872069688144632,
        -0.9835685649906661
      ],
      [
        0.02867577061324424,
        0.9833534625893781,
        0.17942593957735573
      ]
    ],
    [
      [
        0.8314581682901333,
        0.5554331150234498,
        -0.013090802838741734
      ],
      [
        0.4623969395956314,
        -0.7048651948639504,
        -0.537916468721677
      ],
      [
        -0.30800387113835054,
        0.44120189460693865,
        -0.8428964963499596
      ]
    ],
    [
      [
        0.822239960338258,
        0.5690754494583028,
        -0.008635997149727999
      ],
      [
        0.1190179492689815,
        -0.18676410601058677,
        -0.9751686502640824
      ],
      [
        -0.5565574322338581,
        0.8007947936455986,
        -0.22129510409260642
      ]
    ],
    [
      [
        0.3333599738137848,
        0.942590583041358,
        -0.019852471398426778
      ],
      [
        -0.14017651105759776,
        0.028730455058484324,
        -0.9897096072585385
      ],
      [
        -0.9323205852101473,
        0.33271241893546005,
        0.14170664303243902
      ]
    ],
    [
      [
        -0.27374787924288785,
        0.9617207058956396,
        -0.012465250162505033
      ],
      [
        0.7996284386327785,
        0.2203690978951793,
        -0.5585980852299524
      ],
      [
        -0.5344683889059534,
        -0.1628826097054484,
        -0.8293447996556176
      ]
    ],
    [
      [
        -0.2959743694807356,
        0.9550992518385875,
        -0.013586454572534632
      ],
      [
        0.2473032084612209,
        0.06288218629661799,
        -0.9668955236897845
      ],
      [
        -0.9226268453146518,
        -0.28953626678523015,
        -0.25481062481930594
      ]
    ],
    [
      [
        -0.7915607594382644,
        0.6110903978667455,
        0.00029958735015873803
      ],
      [
        -0.08904617393366278,
        -0.11485870298065019,
        -0.9893827657976351
      ],
      [
        -0.6045678977793093,
        -0.7831832505771974,
        0.14533290401709084
      ]
    ]
  ],
  "t": [
    [
      [
        -13.81911623494106
      ],
      [
        107.59724412107983
      ],
      [
        674.5071977869356
      ]
    ],
    [
      [
        2.487662434801851
      ],
      [
        216.0579424882293
      ],
      [
        526.4327921651824
      ]
    ],
    [
      [
        13.06004529072796
      ],
      [
        221.98071170192532
      ],
      [
        428.94723117897627
      ]
    ],
    [
      [
        -1.6371816709108238
      ],
      [
        141.32443099526387
      ],
      [
        668.0914956258564
      ]
    ],
    [
      [
        1.0889579287915048
      ],
      [
        223.61990636511948
      ],
      [
        521.0731818886188
      ]
    ],
    [
      [
        -4.839284363401143
      ],
      [
        226.11976305083724
      ],
      [
        427.5231885769971
      ]
    ],
    [
      [
        4.468401057910491
      ],
      [
        135.83659560711683
      ],
      [
        670.9849424869969
      ]
    ],
    [
      [
        -10.152401296084127
      ],
      [
        221.55514685008814
      ],
      [
        523.6012214074856
      ]
    ],
    [
      [
        -13.149479570738604
      ],
      [
        245.06554509318397
      ],
      [
        423.7682336327136
      ]
    ],
    [
      [
        -3.409147280838617
      ],
      [
        95.06082812304311
      ],
      [
        681.4484190109705
      ]
    ],
    [
      [
        -3.39255163725355
      ],
      [
        229.9702605035867
      ],
      [
        526.892074030484
      ]
    ],
    [
      [
        -2.9729848569259762
      ],
      [
        229.38161724826503
      ],
      [
        436.6524692522304
      ]
    ],
    [
      [
        1.2477200614797228
      ],
      [
        108.71056569075171
      ],
      [
        678.2417257794444
      ]
    ],
    [
      [
        7.199522436681013
      ],
      [
        209.7585529430231
      ],
      [
        536.1221464482119
      ]
    ],
    [
      [
        0.42793369967944817
      ],
      [
        228.27318262232856
      ],
      [
        433.70754924054796
      ]
    ]
  ],
  "reproj": 0.8070154904695297
}