{
  "K": [
    [
      [
        2547.618788427468,
        0.0,
        2662.876663731488
      ],
      [
        0.0,
        2547.618788427468,
        1486.2808067624019
      ],
      [
        0.0,
        0.0,
        1.0
      ]
    ]
  ],
  "d": [
    [
      1.930516229276224e-05,
      0.0021658445949426968,
      -0.0008179424415889546,
      4.556989571558202e-06,
      0.000929633843984993,
      0.0,
      0.0,
      0.0
    ]
  ],
  "R": [
    [
      [
        0.9534915567525055,
        0.007825396077851612,
        -0.3013181281932905
      ],
      [
        -0.06885075593034114,
        0.9788885997231869,
        -0.19244916923644784
      ],
      [
        0.29345088960421317,
        0.20424463887261052,
        0.9339007992727562
      ]
    ],
    [
      [
        0.9546878178859094,
        -0.04015381666384135,
        -0.29488784543885044
      ],
      [
        -0.028184501560026724,
        0.9742044773172558,
        -0.22390013453954258
      ],
      [
        0.2962715042862772,
        0.22206599780772165,
        0.9289294313162908
      ]
    ],
    [
      [
        0.9569913831637769,
        -0.04528369384919552,
        -0.2865604292669411
      ],
      [
        -0.026311191363688726,
        0.9701255681457607,
        -0.24117235172981255
      ],
      [
        0.2889207741913076,
        0.23833960875447746,
        0.9272103413678355
      ]
    ],
    [
      [
        0.9591187847571383,
        -0.028968345070213796,
        -0.28151730268294906
      ],
      [
        -0.06252836985910715,
        0.9484719479308228,
        -0.3106302737195349
      ],
      [
        0.27600970941029024,
        0.31553414866255525,
        0.90788591868089
      ]
    ],
    [
      [
        0.9567873471440438,
        -0.03804074554161035,
        -0.28828956627616886
      ],
      [
        -0.061171079412069014,
        0.9428916162224719,
        -0.3274347249467245
      ],
      [
        0.2842816761393978,
        0.33092038579696664,
        0.8998197746634384
      ]
    ],
    [
      [
        0.9617535064032676,
        -0.06139055200126413,
        -0.26694829657819474
      ],
      [
        -0.015225265951165051,
        0.9610735454847008,
        -0.2758728537681499
      ],
      [
        0.27349293262849783,
        0.26938604324360754,
        0.9233811648002233
      ]
    ],
    [
      [
        0.9591848071567742,
        -0.07926829527415014,
        -0.2714425226156582
      ],
      [
        0.0096417296648008,
        0.9685167585383345,
        -0.24876158360862002
      ],
      [
        0.2826155387955391,
        0.23599115617905622,
        0.9297508437407194
      ]
    ],
    [
      [
        0.9693506987623668,
        -0.047408181385569424,
        -0.2410636578719907
      ],
      [
        -0.01686418563525712,
        0.9660512996212622,
        -0.25779931292175656
      ],
      [
        0.24510165656676175,
        0.2539632863974301,
        0.9356430019566468
      ]
    ],
    [
      [
        0.9745315418173885,
        0.0058379986660426,
        -0.22417446726734705
      ],
      [
        -0.0654739532113395,
        0.9635112714716717,
        -0.2595364929984257
      ],
      [
        0.214479452288332,
        0.2676040872606729,
        0.939354361797229
      ]
    ],
    [
      [
        0.9697807902572191,
        0.028773507950612235,
        -0.24227526511862438
      ],
      [
        -0.09025503236023891,
        0.964884961115882,
        -0.24668003759132015
      ],
      [
        0.2266699097404327,
        0.26109212368935786,
        0.9383238539894662
      ]
    ],
    [
      [
        0.9625630912382622,
        0.05732141087624079,
        -0.26492744523925427
      ],
      [
        -0.12277183235549555,
        0.9635776290253706,
        -0.23758204903131783
      ],
      [
        0.24165962129804597,
        0.26121333943158914,
        0.9345417158891745
      ]
    ],
    [
      [
        0.9618164340248014,
        0.06368977834331874,
        -0.26618181638570615
      ],
      [
        -0.1234560170709727,
        0.968945022991939,
        -0.21425254786845002
      ],
      [
        0.24426984891465128,
        0.23893336843925692,
        0.9398101331425852
      ]
    ],
    [
      [
        0.9611480778457128,
        0.06895232205761558,
        -0.26728252792944496
      ],
      [
        -0.12317723918218502,
        0.9736814973140359,
        -0.19175950963577224
      ],
      [
        0.2470257885342064,
        0.2172324079670432,
        0.9443454562435791
      ]
    ],
    [
      [
        0.9751017851750269,
        0.08294012127347886,
        -0.20566342609131155
      ],
      [
        -0.12057987326772393,
        0.9766444423542453,
        -0.17783736216359272
      ],
      [
        0.18611018970280857,
        0.19820839917043329,
        0.9623286485328589
      ]
    ],
    [
      [
        0.9723811357350504,
        0.11889018174604046,
        -0.2008483297192362
      ],
      [
        -0.15319881483376904,
        0.9743320532260481,
        -0.16494597051714222
      ],
      [
        0.17608250906930564,
        0.19116007622070796,
        0.965635943437873
      ]
    ],
    [
      [
        0.9697224743000833,
        0.12620855156481295,
        -0.2090687072453364
      ],
      [
        -0.15894683262364148,
        0.976134237780159,
        -0.14797923581455705
      ],
      [
        0.1854028781767865,
        0.17672959951649334,
        0.9666397578304461
      ]
    ],
    [
      [
        0.9775978441019254,
        0.13020758690576362,
        -0.16537363610758998
      ],
      [
        -0.15363882068414753,
        0.9784674747816904,
        -0.13782784034122625
      ],
      [
        0.14386649361839582,
        0.1601480099986266,
        0.9765526339667657
      ]
    ],
    [
      [
        0.9872236163376299,
        0.1326746282285866,
        -0.0882438347402157
      ],
      [
        -0.14274488124103984,
        0.9824841792139757,
        -0.1197862115342241
      ],
      [
        0.07080558046322051,
        0.13085213264844708,
        0.9888702084483179
      ]
    ],
    [
      [
        0.9893487207073737,
        0.1173735094262039,
        -0.08609627239120163
      ],
      [
        -0.1243593289459126,
        0.9889391614607426,
        -0.08083373202720257
      ],
      [
        0.07565623661540052,
        0.09067962403042987,
        0.993002185116878
      ]
    ],
    [
      [
        0.992035173043844,
        0.11610546522134954,
        -0.04884400054873195
      ],
      [
        -0.11978176216276859,
        0.989519265248001,
        -0.08064709019076943
      ],
      [
        0.0389685116094068,
        0.08585537052968878,
        0.9955452327514593
      ]
    ],
    [
      [
        0.9921290098097656,
        0.11389555729966369,
        -0.05203681313544389
      ],
      [
        -0.11793620408364336,
        0.9895780122037414,
        -0.08262208862787819
      ],
      [
        0.04208419727445571,
        0.08810879519259561,
        0.9952214630671276
      ]
    ],
    [
      [
        0.991514720920154,
        0.11436685358200098,
        -0.06179628629927654
      ],
      [
        -0.11896589102630771,
        0.9899295006084454,
        -0.0767248369006441
      ],
      [
        0.052399188647780454,
        0.08342545550889674,
        0.9951354271666683
      ]
    ],
    [
      [
        0.9908014152691962,
        0.1255543993506813,
        -0.050484139135450315
      ],
      [
        -0.12753596732525013,
        0.9911000687033107,
        -0.038147488183438515
      ],
      [
        0.045245248799963445,
        0.044235128800338024,
        0.9979960525177677
      ]
    ],
    [
      [
        0.9911168459079942,
        0.1269579050016962,
        -0.03961171688995117
      ],
      [
        -0.12625300733431669,
        0.9917999251288923,
        0.019826413023155944
      ],
      [
        0.04180401770679866,
        -0.014649193558147639,
        0.999018430876861
      ]
    ],
    [
      [
        0.9886821201699144,
        0.13993175472661268,
        -0.05409962361656572
      ],
      [
        -0.1387051880620223,
        0.9899971441981731,
        0.025817150968702008
      ],
      [
        0.05717111211968844,
        -0.018021057088662706,
        0.9982017358432138
      ]
    ],
    [
      [
        0.9895909002806945,
        0.14069023662986122,
        -0.030267266124942585
      ],
      [
        -0.14000744252851058,
        0.9898687865978107,
        0.02361570147176813
      ],
      [
        0.03328312062097316,
        -0.01913224075772411,
        0.9992628239083641
      ]
    ],
    [
      [
        0.9863911309146721,
        0.15808765237690467,
        -0.0451755577589608
      ],
      [
        -0.1580841120418159,
        0.9874188160327667,
        0.003673590124105653
      ],
      [
        0.04518794499448779,
        0.0035179412172855282,
        0.9989723087837655
      ]
    ],
    [
      [
        0.9828713660378854,
        0.16208645110192496,
        -0.08770325074935609
      ],
      [
        -0.16477409750272862,
        0.9860324993335486,
        -0.024277706856220774
      ],
      [
        0.08254316819084681,
        0.03831308689232174,
        0.9958507582754551
      ]
    ],
    [
      [
        0.9854573549066703,
        0.15355735118379227,
        -0.07275947744291662
      ],
      [
        -0.15520482207900943,
        0.987726877988334,
        -0.017523632695355486
      ],
      [
        0.06917560887893816,
        0.028561414475410628,
        0.9971955579220116
      ]
    ],
    [
      [
        0.9894988297119596,
        0.13842695471565256,
        -0.04159380010065321
      ],
      [
        -0.1391316529773766,
        0.9901671389108895,
        -0.014540294385127453
      ],
      [
        0.03917204536969297,
        0.020174618439365424,
        0.9990287961977776
      ]
    ],
    [
      [
        0.9926150707722977,
        0.11170281175028131,
        -0.04730542381997712
      ],
      [
        -0.11380844967524294,
        0.9925085510731284,
        -0.04443436540828454
      ],
      [
        0.041987594099020926,
        0.0494899777106484,
        0.997891669495229
      ]
    ],
    [
      [
        0.9880649139822157,
        0.08603489894258137,
        -0.1277721484567604
      ],
      [
        -0.09492644096671554,
        0.9933467002002322,
        -0.06520202455984628
      ],
      [
        0.12131239245315906,
        0.07655278809586191,
        0.9896580086434105
      ]
    ],
    [
      [
        0.9945228984900374,
        0.03029817271134218,
        -0.10003112070415106
      ],
      [
        -0.038281664422550855,
        0.996148774938824,
        -0.07888049414728114
      ],
      [
        0.09725594350996737,
        0.08227781546828848,
        0.9918526314598113
      ]
    ],
    [
      [
        0.999713900332443,
        0.017437132136559987,
        -0.016372657235355224
      ],
      [
        -0.018740282934673974,
        0.9963616028839201,
        -0.08314059233679948
      ],
      [
        0.01486335351199891,
        0.08342363406995441,
        0.9964033209503769
      ]
    ],
    [
      [
        0.9994302853016569,
        0.025732490691585258,
        -0.021839041752244354
      ],
      [
        -0.02773739947966715,
        0.9948876498573845,
        -0.09710407216669971
      ],
      [
        0.01922866329088308,
        0.0976545087748525,
        0.99503460011398
      ]
    ],
    [
      [
        0.9996591489265368,
        0.021049358287638653,
        0.015443784612287166
      ],
      [
        -0.01910168978383365,
        0.9929559498309853,
        -0.11693420005562095
      ],
      [
        -0.017796387691727925,
        0.11659934052525518,
        0.993019578041743
      ]
    ],
    [
      [
        0.998356995084112,
        0.010168765932833798,
        0.056390660273006696
      ],
      [
        -0.0035247957940280866,
        0.9931621264009729,
        -0.11669004455097393
      ],
      [
        -0.057191661815625,
        0.11629955667198871,
        0.9915661989684128
      ]
    ],
    [
      [
        0.9993647986458071,
        -0.023656414227325628,
        0.026652828996764532
      ],
      [
        0.027124411615391548,
        0.9900140939908965,
        -0.13833423290676589
      ],
      [
        -0.023114184436064337,
        0.13896930511911515,
        0.9900269020145694
      ]
    ],
    [
      [
        0.9925531990977666,
        -0.0684085598968383,
        -0.10078896712254681
      ],
      [
        0.05429960914116656,
        0.9891339698531441,
        -0.13662189476681955
      ],
      [
        0.10903989823869828,
        0.13013169719710896,
        0.9854826441783204
      ]
    ],
    [
      [
        0.9771700126286861,
        -0.07064240854864949,
        -0.2003706977921151
      ],
      [
        0.039497303531323004,
        0.9870652530764683,
        -0.1553774410358278
      ],
      [
        0.2087551901941793,
        0.1439160737497146,
        0.9673207504666995
      ]
    ],
    [
      [
        0.9841782189994661,
        -0.06539052595292737,
        -0.16467335049314538
      ],
      [
        0.03640574982375351,
        0.9842065189282933,
        -0.1732401497310061
      ],
      [
        0.17340084955619176,
        0.16450412522076968,
        0.971015210055198
      ]
    ],
    [
      [
        0.984597915816844,
        -0.10230199234430917,
        -0.14177886489710625
      ],
      [
        0.07647668177375355,
        0.9812478561783093,
        -0.17692925673937615
      ],
      [
        0.15722042270011563,
        0.16336140029963309,
        0.9739583110062463
      ]
    ],
    [
      [
        0.9696538315470613,
        -0.1218179766655985,
        -0.21197128939364177
      ],
      [
        0.07489687573944522,
        0.9733473288482701,
        -0.2167612406045129
      ],
      [
        0.23272710407379163,
        0.1943073801610148,
        0.9529337527049766
      ]
    ],
    [
      [
        0.9595729805894971,
        -0.1150138574233008,
        -0.2568881225810201
      ],
      [
        0.05721178221394023,
        0.9733485155398371,
        -0.22207989389474236
      ],
      [
        0.2755839380270433,
        0.19840483839112388,
        0.9405790839714111
      ]
    ],
    [
      [
        0.9364128135392765,
        -0.13440705707507333,
        -0.324138528484156
      ],
      [
        0.058261642013892966,
        0.9704655059676631,
        -0.2340988739758749
      ],
      [
        0.34602980176467607,
        0.2003283423166716,
        0.9165871107294459
      ]
    ],
    [
      [
        0.9092421771077349,
        -0.15990654064759408,
        -0.38432871558928017
      ],
      [
        0.07350791006195954,
        0.9704425721753012,
        -0.22986474559642292
      ],
      [
        0.40972582360245413,
        0.18075152106664197,
        0.8941217126909434
      ]
    ],
    [
      [
        0.894910171083016,
        -0.17007168006273732,
        -0.4125668543797538
      ],
      [
        0.07374284864802133,
        0.9681777136112516,
        -0.2391524767585826
      ],
      [
        0.44011109729867315,
        0.18359612879123371,
        0.8789736534887895
      ]
    ],
    [
      [
        0.8779401348589265,
        -0.18822680302990794,
        -0.4402178894877287
      ],
      [
        0.08719662857125435,
        0.9669603339751879,
        -0.23955053847653893
      ],
      [
        0.47076306946243845,
        0.17192551625553806,
        0.8653460286443626
      ]
    ],
    [
      [
        0.8681858215324921,
        -0.19834715941246722,
        -0.45487556940657636
      ],
      [
        0.10277337403127718,
        0.9686400156298207,
        -0.22621705000040976
      ],
      [
        0.4854801879378591,
        0.14964933836695032,
        0.8613443345411608
      ]
    ],
    [
      [
        0.8559299445378297,
        -0.1697224515310583,
        -0.4884446944022992
      ],
      [
        0.07236773742616709,
        0.9746207931052359,
        -0.21184244198634603
      ],
      [
        0.512002774038662,
        0.14597465222842151,
        0.846489551195705
      ]
    ],
    [
      [
        0.8462362793543011,
        -0.1498897820632299,
        -0.5112897541880013
      ],
      [
        0.05581718803392442,
        0.9792732218176847,
        -0.19470079237331658
      ],
      [
        0.5298760242024305,
        0.13622411777599905,
        0.837062953852084
      ]
    ],
    [
      [
        0.8413688278135514,
        -0.11984408449999479,
        -0.5270065379044254
      ],
      [
        0.027455612470919953,
        0.9833236239385834,
        -0.17977997649387423
      ],
      [
        0.539763545385845,
        0.13679198081265365,
        0.8306282375755434
      ]
    ],
    [
      [
        0.8496770274754503,
        -0.09262196361437687,
        -0.5191051154021697
      ],
      [
        0.009691065041766936,
        0.9870289816946017,
        -0.1602494073414122
      ],
      [
        0.5272144082238641,
        0.13112955864767734,
        0.8395534566720728
      ]
    ],
    [
      [
        0.8545309088649379,
        -0.12495455862049061,
        -0.5041460939791378
      ],
      [
        0.06175393526241256,
        0.9881880262527943,
        -0.1402529010402722
      ],
      [
        0.5157163728970304,
        0.08871743374650215,
        0.8521536479270426
      ]
    ],
    [
      [
        0.8562782737162743,
        -0.09525820022801598,
        -0.5076547973286537
      ],
      [
        0.029407749786755505,
        0.9902434335364432,
        -0.13620986230972923
      ],
      [
        0.5156769358949039,
        0.10170456050381924,
        0.8507252671449039
      ]
    ],
    [
      [
        0.8520830004590557,
        -0.08764101705866373,
        -0.5160170660526797
      ],
      [
        0.018608793688617238,
        0.9903309747842655,
        -0.13747099032268909
      ],
      [
        0.5230757814372093,
        0.10753423878825483,
        0.8454750820468238
      ]
    ],
    [
      [
        0.8588793305994242,
        -0.07035819870200746,
        -0.5073224017767144
      ],
      [
        -0.0017982252085368827,
        0.9900993789611431,
        -0.140356639197646
      ],
      [
        0.5121748352420143,
        0.12146169625098945,
        0.8502493719425189
      ]
    ],
    [
      [
        0.8769423132408731,
        -0.046800379459872365,
        -0.47831151327368043
      ],
      [
        -0.02714134667245578,
        0.9888361910455418,
        -0.14651393988064854
      ],
      [
        0.4798286429013506,
        0.14146629196015803,
        0.8658820714684485
      ]
    ],
    [
      [
        0.9004036597806423,
        -0.07925999198536252,
        -0.42777459382729327
      ],
      [
        0.014822281074148472,
        0.9882824704153236,
        -0.1519146426568027
      ],
      [
        0.43480288572798637,
        0.13044390495636582,
        0.8910279671381535
      ]
    ],
    [
      [
        0.9194724220214714,
        -0.10574831925701894,
        -0.37866576042241357
      ],
      [
        0.039730790323552125,
        0.9832094900325095,
        -0.17810267547198314
      ],
      [
        0.3911418277840342,
        0.1487158084546771,
        0.908235475454156
      ]
    ],
    [
      [
        0.957829106212189,
        -0.10053064698403531,
        -0.2691783652334091
      ],
      [
        0.07080296041409558,
        0.9904887409961907,
        -0.1179787894342927
      ],
      [
        0.2784786241156748,
        0.09394489329789261,
        0.9558368129204317
      ]
    ],
    [
      [
        0.979074829269625,
        -0.08001735279544626,
        -0.1871087970734239
      ],
      [
        0.06786077538014319,
        0.9952003065834425,
        -0.07050719779588235
      ],
      [
        0.19185253153258205,
        0.05633447459443475,
        0.9798056098618279
      ]
    ],
    [
      [
        0.9793217359401465,
        -0.10936821494487729,
        -0.17019850491396513
      ],
      [
        0.09511581165526935,
        0.9914097349275388,
        -0.08977594256852209
      ],
      [
        0.17855508922553068,
        0.07173096298446277,
        0.9813117491709678
      ]
    ],
    [
      [
        0.9754160484050781,
        -0.11259478495322794,
        -0.18943586491253114
      ],
      [
        0.10094531307912641,
        0.9924199619513234,
        -0.07009039083848101
      ],
      [
        0.19589174633245668,
        0.049244629370828095,
        0.9793882734630583
      ]
    ],
    [
      [
        0.9891408807816062,
        -0.056730809979339665,
        -0.13557998807226834
      ],
      [
        0.05636930253516705,
        0.9983887821501517,
        -0.006507027619108399
      ],
      [
        0.13573068812279404,
        -0.0012061823349249047,
        0.9907450355292666
      ]
    ],
    [
      [
        0.9772611020068709,
        -0.13883976229345962,
        -0.1602630927899863
      ],
      [
        0.14413347075716315,
        0.9893173129001801,
        0.02183568188678936
      ],
      [
        0.155519391433384,
        -0.04443843834185329,
        0.9868327842577622
      ]
    ],
    [
      [
        0.9853595748115559,
        -0.12073801224482383,
        -0.1203696005075974
      ],
      [
        0.13243013398502618,
        0.98668876030838,
        0.09437981719530991
      ],
      [
        0.10737210037946468,
        -0.10893861886530815,
        0.9882325684674743
      ]
    ],
    [
      [
        0.9816076451933446,
        -0.14221814553224074,
        -0.1273594518649765
      ],
      [
        0.1603851926050693,
        0.9761858296552383,
        0.14607469313111354
      ],
      [
        0.10355202021695036,
        -0.16381460576421308,
        0.981041158182114
      ]
    ],
    [
      [
        0.9719715296014138,
        -0.174586246046094,
        -0.15745154281816628
      ],
      [
        0.20334728000511607,
        0.960425596710084,
        0.19034851430625893
      ],
      [
        0.11798825941087973,
        -0.21703067957229427,
        0.9690079745624279
      ]
    ],
    [
      [
        0.9665322127078828,
        -0.15113663782562117,
        -0.20729977931674498
      ],
      [
        0.1886310803432211,
        0.9663371489604868,
        0.1749595097943155
      ],
      [
        0.17387868565914977,
        -0.20820718346321512,
        0.9625050500790953
      ]
    ],
    [
      [
        0.9730132994432018,
        -0.15513970367970772,
        -0.1708121525209101
      ],
      [
        0.18546839898676412,
        0.9662218289121453,
        0.178932530052407
      ],
      [
        0.13728289071818323,
        -0.20578398789954855,
        0.9689202022046077
      ]
    ],
    [
      [
        0.9733197595295924,
        -0.1573996215590276,
        -0.16695509828193775
      ],
      [
        0.19115396325429024,
        0.9587110646428844,
        0.21055464104000346
      ],
      [
        0.12692047920424052,
        -0.23685112130699773,
        0.9632199843723052
      ]
    ],
    [
      [
        0.9779218127516623,
        -0.14236297486735885,
        -0.15297617962094134
      ],
      [
        0.17874095146162303,
        0.949090264605022,
        0.2593826168087661
      ],
      [
        0.10826172183692846,
        -0.28099902672230953,
        0.9535821656081968
      ]
    ],
    [
      [
        0.9734606590049847,
        -0.14671106339812665,
        -0.17564227636355573
      ],
      [
        0.19374931897667866,
        0.9367989896016905,
        0.29132259520559844
      ],
      [
        0.12180125929420454,
        -0.31762165694083677,
        0.9403621303925969
      ]
    ],
    [
      [
        0.9663798746890863,
        -0.1472987013526578,
        -0.2107439925021032
      ],
      [
        0.21443354261163508,
        0.9139764938546409,
        0.34447819159447784
      ],
      [
        0.1418738651018224,
        -0.3780873725225404,
        0.9148342719531619
      ]
    ],
    [
      [
        0.9583373803758038,
        -0.1578302844739863,
        -0.2380736580919915
      ],
      [
        0.23652646406614117,
        0.9057634400339449,
        0.35163592321354564
      ],
      [
        0.16013961774280078,
        -0.39329657003428686,
        0.9053580014714925
      ]
    ],
    [
      [
        0.9522189668992291,
        -0.18210102314365148,
        -0.24519024541649312
      ],
      [
        0.26492660067798124,
        0.8919289713035597,
        0.36643772513564055
      ],
      [
        0.15196359870236784,
        -0.41388637029915476,
        0.8975550886435978
      ]
    ],
    [
      [
        0.9503868092661142,
        -0.1819904212636072,
        -0.25227841632067805
      ],
      [
        0.26605422808553486,
        0.8957808421875502,
        0.35607840497223847
      ],
      [
        0.16118331331370733,
        -0.40553195846697215,
        0.8997576174565888
      ]
    ],
    [
      [
        0.9516996214440747,
        -0.10040940679223956,
        -0.2901478615651603
      ],
      [
        0.20974248602798348,
        0.9027545092972746,
        0.3755561016655676
      ],
      [
        0.2242229250054642,
        -0.418272933586513,
        0.8802112433563472
      ]
    ],
    [
      [
        0.949174791935886,
        -0.004501204777710759,
        -0.3147172596299994
      ],
      [
        0.12854162508759026,
        0.9182561942267923,
        0.3745432049630173
      ],
      [
        0.28730517742168993,
        -0.3959612366377251,
        0.8721642242760331
      ]
    ],
    [
      [
        0.9498291306457796,
        0.0664226486176497,
        -0.3056348382094207
      ],
      [
        0.05320370695579065,
        0.9286350403167025,
        0.36715981188327057
      ],
      [
        0.3082109474740391,
        -0.3649999912967294,
        0.8785106818989412
      ]
    ],
    [
      [
        0.9582087736150701,
        0.07107917311628949,
        -0.27709871402842684
      ],
      [
        0.039417055132274864,
        0.9265957676069841,
        0.3739874051589479
      ],
      [
        0.2833412111426831,
        -0.36928042813277884,
        0.8850704624301216
      ]
    ],
    [
      [
        0.971427485707711,
        0.029121341829917186,
        -0.23554317536625846
      ],
      [
        0.07040358844959291,
        0.912415157248482,
        0.4031648739122102
      ],
      [
        0.2266538654976244,
        -0.408228524570801,
        0.8842949151622053
      ]
    ],
    [
      [
        0.9753592870694797,
        0.013755144786198888,
        -0.2201932267787247
      ],
      [
        0.08283247565735433,
        0.9022085890682228,
        0.42327112208134476
      ],
      [
        0.2044823760224582,
        -0.43108056996742217,
        0.8788381535258768
      ]
    ],
    [
      [
        0.9799745572170883,
        -0.02442385204427125,
        -0.19761918595746547
      ],
      [
        0.10013772762816354,
        0.9182696234514248,
        0.3830839779367526
      ],
      [
        0.17211130907828082,
        -0.39520168787303805,
        0.9023266166913522
      ]
    ],
    [
      [
        0.9858664791261317,
        -0.02596662581607452,
        -0.16550836739927247
      ],
      [
        0.08736089500004889,
        0.9226473918574957,
        0.37561930770841817
      ],
      [
        0.14295229749897345,
        -0.3847694434882906,
        0.9118756033568813
      ]
    ],
    [
      [
        0.9931504895209029,
        -0.044543158355981494,
        -0.10801857344024182
      ],
      [
        0.08409458283307217,
        0.9143265822191867,
        0.3961502267896768
      ],
      [
        0.08111847078515796,
        -0.40252056853166496,
        0.911809731032973
      ]
    ],
    [
      [
        0.9962118530699522,
        -0.050513894685001205,
        -0.07078340375176007
      ],
      [
        0.07264586250237237,
        0.9308368502354296,
        0.35814150402469525
      ],
      [
        0.04779667838059966,
        -0.36192693280210164,
        0.9309803289265808
      ]
    ],
    [
      [
        0.9975225995570631,
        -0.0532961005369301,
        -0.0459150197699681
      ],
      [
        0.06381587412118825,
        0.9602239311921212,
        0.27184101268222427
      ],
      [
        0.029600634842310035,
        -0.27409766075890907,
        0.9612462092426821
      ]
    ],
    [
      [
        0.9979738574264139,
        -0.06288154305573027,
        -0.009700074039615878
      ],
      [
        0.06355784877032072,
        0.9782433832383336,
        0.1974848931187088
      ],
      [
        -0.002929121563324196,
        -0.1977012764079917,
        0.980257938276206
      ]
    ],
    [
      [
        0.9913572946314692,
        -0.11872985568184596,
        0.05580265003333261
      ],
      [
        0.11295378446537815,
        0.9888306815988571,
        0.09723849908183788
      ],
      [
        -0.06672448543018868,
        -0.0900949748793334,
        0.9936954958867272
      ]
    ],
    [
      [
        0.9830288697272416,
        -0.16616750743633385,
        0.07773416723152038
      ],
      [
        0.16385751964218942,
        0.9858539767285773,
        0.035251238632981415
      ],
      [
        -0.08249214835056454,
        -0.021915657435856942,
        0.9963507160732423
      ]
    ],
    [
      [
        0.9618933884438017,
        -0.27198824336574445,
        -0.027991154654967303
      ],
      [
        0.27265490303108875,
        0.9618224419274792,
        0.023598602877466533
      ],
      [
        0.02050397818008246,
        -0.030331265642524245,
        0.9993295758673979
      ]
    ],
    [
      [
        0.8966027982535137,
        -0.3707288616862146,
        0.24220555996263282
      ],
      [
        0.3781751313619813,
        0.9255817713383668,
        0.016791503371631235
      ],
      [
        -0.2304061461491798,
        0.07654081054558298,
        0.9700796421622855
      ]
    ],
    [
      [
        0.9328099396888381,
        -0.2416153297046727,
        0.2673717428402048
      ],
      [
        0.25901191921535494,
        0.9653677477713626,
        -0.03127198853966951
      ],
      [
        -0.2505562653818195,
        0.09842329000063493,
        0.9630858808348123
      ]
    ],
    [
      [
        0.9084273429449297,
        -0.11695373940548925,
        0.40134970465803027
      ],
      [
        0.17261300500349924,
        0.9793433046189847,
        -0.10531591618377828
      ],
      [
        -0.3807420558510409,
        0.16495003648693013,
        0.9098499724511088
      ]
    ],
    [
      [
        0.9084047749694981,
        -0.08712229053380004,
        0.408913770011184
      ],
      [
        0.1143323763215907,
        0.9925320481760318,
        -0.0425234178794398
      ],
      [
        -0.40215528410960055,
        0.08538055888570553,
        0.9115817503806727
      ]
    ],
    [
      [
        0.9483389174174776,
        -0.07224027324710339,
        0.3089249757346119
      ],
      [
        0.09464236521017044,
        0.993812351805853,
        -0.05813632346084576
      ],
      [
        -0.30281367277398724,
        0.08437032842950894,
        0.9493079201512149
      ]
    ],
    [
      [
        0.9536619211627071,
        -0.05693261818034158,
        0.295444778446643
      ],
      [
        0.06774995214057264,
        0.9973503821041729,
        -0.026498288654369213
      ],
      [
        -0.29315334572405044,
        0.04528677846559186,
        0.9549922636267812
      ]
    ],
    [
      [
        0.9461973237928359,
        -0.04855997582605376,
        0.3199258557776291
      ],
      [
        0.06323308526412491,
        0.9973625489605458,
        -0.03563036428248829
      ],
      [
        -0.317351857368529,
        0.05394325424643922,
        0.9467723717695024
      ]
    ],
    [
      [
        0.9431914084754178,
        -0.08557103498517396,
        0.3210413757597665
      ],
      [
        0.10245506735055412,
        0.9940845920774509,
        -0.03603863161111258
      ],
      [
        -0.3160584220557188,
        0.06688364348459343,
        0.9463792326979047
      ]
    ],
    [
      [
        0.9456252708354336,
        -0.13069330392678485,
        0.29784577798940504
      ],
      [
        0.1471754116618313,
        0.9885430561405301,
        -0.033496632047285466
      ],
      [
        -0.29005559011952076,
        0.07551083673911829,
        0.9540261360022454
      ]
    ],
    [
      [
        0.9567378506578946,
        -0.16022835551830045,
        0.24285707567705997
      ],
      [
        0.17878683067000156,
        0.9822779573803672,
        -0.05626085338518897
      ],
      [
        -0.22953856821346666,
        0.09724653481001094,
        0.9684292215593027
      ]
    ],
    [
      [
        0.9612276019764874,
        -0.17376657635041093,
        0.21411836479384083
      ],
      [
        0.1968477778255019,
        0.9761547932913714,
        -0.09150285186507465
      ],
      [
        -0.1931125308303253,
        0.13010379117357324,
        0.9725124955282425
      ]
    ],
    [
      [
        0.96003640351123,
        -0.19710807137536596,
        0.1986920031906331
      ],
      [
        0.21977701506943986,
        0.9704981951715368,
        -0.09915299700945433
      ],
      [
        -0.17328637447990572,
        0.1388584220257212,
        0.975033420479594
      ]
    ],
    [
      [
        0.9537474846277328,
        -0.21643193101421557,
        0.20862155881818706
      ],
      [
        0.24783610448919466,
        0.9588890940367109,
        -0.1382352004703466
      ],
      [
        -0.17012642615976342,
        0.18354542918556638,
        0.9681777081441159
      ]
    ],
    [
      [
        0.950875163881864,
        -0.25779788921251595,
        0.17139623983684601
      ],
      [
        0.2919579081425639,
        0.9308832831451498,
        -0.21958345346114996
      ],
      [
        -0.10294174364977751,
        0.2588369399418834,
        0.9604199268735866
      ]
    ],
    [
      [
        0.9510908806038777,
        -0.27088332190789133,
        0.14848691102008346
      ],
      [
        0.30601204481144884,
        0.8918818781865289,
        -0.3330215365299752
      ],
      [
        -0.04222280500459819,
        0.3621725297073419,
        0.9311542801614179
      ]
    ],
    [
      [
        0.9469842273074075,
        -0.292447599162764,
        0.1330235880395945
      ],
      [
        0.31907803385733563,
        0.9044845765050963,
        -0.2830138851260368
      ],
      [
        -0.037551052458345245,
        0.3104545902516694,
        0.9498462327402992
      ]
    ],
    [
      [
        0.9471219918011131,
        -0.32044846189453285,
        0.016514112634961508
      ],
      [
        0.3188354310779386,
        0.934066684209657,
        -0.16082101025339318
      ],
      [
        0.03610956294442148,
        0.1575823997754986,
        0.9868454219101175
      ]
    ],
    [
      [
        0.9686838656466682,
        -0.2165896044040491,
        -0.1214105090176511
      ],
      [
        0.18817874848386687,
        0.9593968007347828,
        -0.21011077401910866
      ],
      [
        0.16198866335294326,
        0.18068403915111292,
        0.9701097623161855
      ]
    ],
    [
      [
        0.9808084564723197,
        -0.13602858641462426,
        -0.13968176470257238
      ],
      [
        0.09050433245927506,
        0.9521908780144831,
        -0.2917901602729413
      ],
      [
        0.17269550520637966,
        0.2735484518399745,
        0.9462280417412425
      ]
    ],
    [
      [
        0.9809036356188058,
        -0.058776991581908765,
        -0.18540043929394917
      ],
      [
        -0.0021122047387340456,
        0.9499677770126492,
        -0.3123407774031229
      ],
      [
        0.19448289441735173,
        0.3067678077931674,
        0.9317026971522748
      ]
    ],
    [
      [
        0.9767299124459939,
        0.007015448026225661,
        -0.21435825531626318
      ],
      [
        -0.07882594952863611,
        0.941255063239944,
        -0.32836774446659334
      ],
      [
        0.199462146318919,
        0.3376235913175505,
        0.919904974859735
      ]
    ],
    [
      [
        0.975721075967802,
        0.0041440060306442705,
        -0.21897764526602426
      ],
      [
        -0.09725045056106572,
        0.9040481412781547,
        -0.4162202639434837
      ],
      [
        0.1962415139003582,
        0.4274105584394606,
        0.8825018315882206
      ]
    ],
    [
      [
        0.98800277471877,
        0.023278913734752646,
        -0.1526715733964297
      ],
      [
        -0.08332560902897147,
        0.9126881410186811,
        -0.4000714937655706
      ],
      [
        0.13002830471848223,
        0.4079931977609357,
        0.9036781454438542
      ]
    ],
    [
      [
        0.9940360395132911,
        0.0739843826571158,
        -0.08011656053261565
      ],
      [
        -0.09740816224751292,
        0.9326891084586384,
        -0.34727896119718
      ],
      [
        0.04903062386196,
        0.35301181012180843,
        0.9343332702190538
      ]
    ],
    [
      [
        0.9917158462963725,
        0.10024548959307954,
        -0.08031514191553976
      ],
      [
        -0.1217898553770393,
        0.9325535898854814,
        -0.33986914116898165
      ],
      [
        0.0408278254614345,
        0.34683518248289796,
        0.9370370562897422
      ]
    ],
    [
      [
        0.992731011589503,
        0.05326881143687559,
        -0.10792391929773748
      ],
      [
        -0.09472153026284374,
        0.899011775715731,
        -0.427557784198947
      ],
      [
        0.07424937934519815,
        0.43467259040863243,
        0.8975225728717368
      ]
    ],
    [
      [
        0.992338796650146,
        0.0037116532375599115,
        -0.12349063241065858
      ],
      [
        -0.061947895717017656,
        0.8797653110082984,
        -0.47135491486002956
      ],
      [
        0.10689326863359447,
        0.47539375382593774,
        0.8732551791682143
      ]
    ],
    [
      [
        0.991456688185395,
        -0.01867618998154469,
        -0.12909235213683895
      ],
      [
        -0.05202865569015036,
        0.850929006831922,
        -0.5226976605257716
      ],
      [
        0.11961042780428537,
        0.5249485929686946,
        0.8426875579363111
      ]
    ],
    [
      [
        0.9928652352696768,
        -0.04695052741072781,
        -0.10960963720742715
      ],
      [
        -0.01976246937151286,
        0.8417176399402299,
        -0.5395561689182967
      ],
      [
        0.11759281184336616,
        0.5378727196924046,
        0.8347843242499626
      ]
    ],
    [
      [
        0.994232169398309,
        -0.06902908669860107,
        -0.08208153582316256
      ],
      [
        0.012676352700820279,
        0.8356054811134292,
        -0.5491837488631641
      ],
      [
        0.10649743384578104,
        0.5449756555322003,
        0.8316608872981296
      ]
    ],
    [
      [
        0.9949166497055468,
        -0.07700450690345603,
        -0.06489349778865357
      ],
      [
        0.029936859202243343,
        0.8414477896108885,
        -0.5395084816942687
      ],
      [
